[[[9, 1, 2, 1, 3, 1], [3, 3, 5, 2, 1, 2, 2], [5, 9, 2, 4, 1], [5, 4, 5, 1, 2, 3, 1], [1, 2, 2, 6, 2, 1, 2, 1], [1, 3, 2, 4, 3, 2, 1, 2, 2], [1, 1, 1, 3, 2, 3, 1, 2, 2, 1], [2, 1, 1, 3, 1, 6, 1, 1, 1], [8, 2, 8, 1, 1], [16, 1, 1], [5, 16, 3], [8, 16], [4, 1, 14], [2, 2, 10], [3, 2, 1, 2, 4, 9], [2, 2, 2, 2, 7], [1, 1, 1, 1, 2, 1, 2, 2, 6], [1, 2, 2, 2, 2, 4, 4], [1, 3, 2, 2, 2, 1, 2, 3], [1, 2, 4, 2, 2, 2, 3], [1, 2, 1, 2, 2, 2, 2], [3, 2, 1, 1, 2, 4, 2, 2], [7, 2, 3, 5, 2, 1], [4, 2, 1, 1, 2, 2, 2, 1, 1, 1], [2, 2, 2, 2, 3, 3, 1], [8, 4, 2, 3, 1, 3, 1], [13, 3, 1, 2, 1], [1, 5, 3, 1, 1, 2, 1], [2, 3, 3, 1, 3, 1, 1], [1, 2, 1, 2, 2, 3, 1, 3, 1, 1]],
[[6, 1, 2, 7, 2], [4, 2, 2, 2, 2], [4, 4, 2, 3, 3, 1, 1], [1, 4, 1, 2, 2, 2, 2, 2], [1, 7, 2, 1, 1, 1, 2, 2], [1, 1, 2, 2, 2, 2, 2, 2], [2, 6, 2, 3, 3, 2, 2], [6, 2, 2, 4, 4], [4, 1, 1, 8, 3, 1, 1], [2, 5, 5, 3, 3], [2, 6, 1, 1, 4, 1], [2, 2, 2, 1, 2, 1, 4, 1], [2, 1, 1, 2, 1, 2, 1, 3], [4, 1, 3, 2, 4, 3], [4, 1, 4, 2, 10], [5, 5, 4, 8], [10, 8], [10, 2, 2, 7], [9, 1, 1, 7], [6, 1, 2, 2, 6], [14, 2, 1, 1], [3, 2, 6, 4, 2, 4], [1, 1, 5, 2, 2, 1], [2, 5, 6, 2, 1, 2], [1, 7, 3, 2, 3], [17, 2, 2, 2], [7, 7, 1, 3], [1, 2, 10, 2, 5], [1, 4, 12], [4, 1, 22]],
[[2, 2, 2, 2, 2, 2, 1, 1, 2, 1, 2, 2, 1, 1, 1, 1, 2, 2, 2, 2, 2, 2, 2, 1, 2, 2, 1, 1, 1, 1],
[2, 2, 2, 2, 1, 1, 1, 2, 2, 1, 2, 2, 1, 1, 1, 1, 1, 1, 1, 1, 1, 2, 2, 1, 2, 2, 1, 1, 1, 1],
[2, 2, 2, 2, 1, 2, 2, 2, 2, 1, 2, 2, 1, 1, 1, 2, 2, 2, 1, 1, 1, 2, 2, 2, 1, 2, 1, 1, 1, 2],
[2, 1, 2, 2, 2, 2, 1, 1, 2, 1, 2, 2, 1, 1, 2, 2, 1, 2, 2, 1, 1, 1, 2, 2, 1, 2, 2, 1, 1, 1],
[2, 1, 2, 2, 2, 2, 2, 2, 2, 1, 2, 2, 1, 1, 2, 1, 2, 1, 2, 1, 1, 1, 2, 2, 1, 2, 2, 1, 1, 1],
[2, 1, 1, 1, 1, 1, 1, 1, 2, 1, 1, 2, 2, 1, 2, 2, 1, 2, 2, 1, 1, 1, 2, 2, 1, 2, 2, 1, 2, 2],
[2, 2, 1, 1, 2, 2, 2, 2, 2, 2, 1, 2, 2, 1, 1, 2, 2, 2, 1, 1, 2, 2, 2, 1, 1, 2, 2, 1, 2, 2],
[2, 2, 2, 2, 2, 2, 1, 1, 2, 2, 1, 2, 2, 1, 1, 1, 1, 1, 2, 2, 2, 2, 1, 2, 2, 2, 2, 1, 1, 1],
[2, 2, 2, 2, 1, 1, 1, 2, 1, 2, 1, 1, 2, 2, 2, 2, 2, 2, 2, 2, 1, 1, 2, 2, 2, 1, 2, 1, 1, 2],
[1, 1, 2, 2, 1, 2, 2, 2, 2, 2, 1, 1, 1, 2, 2, 2, 2, 2, 1, 1, 2, 2, 2, 1, 1, 2, 2, 2, 1, 1],
[1, 1, 2, 2, 1, 2, 2, 2, 2, 2, 2, 1, 2, 1, 1, 1, 1, 1, 1, 2, 1, 1, 1, 2, 2, 2, 2, 1, 1, 2],
[1, 2, 2, 1, 1, 2, 2, 1, 1, 2, 2, 1, 1, 1, 2, 1, 1, 1, 2, 2, 1, 2, 1, 1, 2, 2, 2, 2, 1, 2],
[1, 2, 2, 1, 1, 2, 1, 2, 1, 2, 2, 1, 1, 1, 1, 1, 2, 1, 2, 2, 1, 1, 1, 2, 1, 2, 2, 2, 1, 1],
[1, 2, 2, 2, 2, 1, 2, 1, 2, 2, 2, 1, 1, 2, 2, 1, 1, 1, 1, 2, 2, 2, 2, 1, 1, 1, 2, 2, 2, 1],
[1, 2, 2, 2, 2, 1, 2, 1, 2, 2, 2, 2, 1, 2, 2, 1, 1, 1, 1, 1, 2, 2, 2, 2, 2, 2, 2, 2, 2, 2],
[2, 2, 2, 2, 2, 1, 1, 2, 2, 2, 2, 2, 1, 1, 1, 1, 2, 2, 2, 2, 1, 1, 2, 2, 2, 2, 2, 2, 2, 2],
[1, 1, 1, 2, 2, 2, 2, 2, 2, 2, 2, 2, 2, 1, 2, 2, 2, 2, 2, 2, 2, 2, 1, 1, 1, 1, 1, 1, 1, 1],
[1, 1, 1, 2, 2, 2, 2, 2, 2, 2, 2, 2, 2, 1, 2, 2, 1, 1, 1, 1, 2, 2, 1, 2, 2, 2, 2, 2, 2, 2],
[1, 1, 1, 1, 2, 2, 2, 2, 2, 2, 2, 2, 2, 1, 2, 1, 1, 1, 1, 1, 1, 2, 1, 2, 2, 2, 2, 2, 2, 2],
[1, 1, 1, 1, 1, 1, 1, 2, 2, 2, 2, 2, 2, 1, 2, 1, 1, 2, 2, 1, 1, 2, 2, 1, 2, 2, 2, 2, 2, 2],
[2, 2, 2, 2, 2, 2, 2, 2, 2, 2, 2, 2, 2, 2, 1, 1, 2, 2, 1, 2, 1, 1, 2, 1, 1, 1, 1, 1, 1, 1],
[2, 2, 2, 1, 2, 2, 1, 1, 1, 2, 2, 2, 2, 2, 2, 1, 2, 2, 2, 2, 1, 1, 2, 2, 1, 1, 2, 2, 2, 2],
[1, 1, 1, 2, 1, 1, 2, 1, 1, 1, 2, 2, 2, 2, 2, 1, 1, 2, 2, 1, 1, 1, 2, 2, 1, 2, 1, 1, 1, 1],
[2, 2, 1, 2, 2, 2, 2, 2, 1, 1, 2, 2, 2, 2, 2, 2, 1, 1, 1, 1, 1, 2, 2, 1, 2, 1, 1, 1, 2, 2],
[1, 1, 2, 1, 1, 1, 1, 1, 1, 1, 2, 2, 2, 2, 2, 2, 2, 1, 1, 2, 2, 2, 1, 2, 2, 1, 1, 2, 2, 2],
[2, 2, 2, 2, 2, 2, 2, 2, 2, 2, 2, 2, 2, 2, 2, 2, 2, 1, 1, 2, 2, 1, 1, 1, 2, 2, 1, 1, 2, 2],
[2, 2, 2, 2, 2, 2, 2, 1, 1, 1, 1, 2, 2, 2, 2, 2, 2, 2, 1, 1, 1, 1, 2, 1, 1, 2, 2, 2, 1, 1],
[2, 1, 2, 2, 1, 1, 1, 1, 1, 1, 2, 2, 2, 2, 2, 2, 2, 2, 2, 2, 1, 1, 2, 2, 1, 2, 2, 2, 2, 2],
[1, 2, 1, 1, 2, 2, 2, 2, 1, 1, 2, 2, 2, 2, 2, 2, 2, 2, 2, 2, 2, 2, 1, 1, 1, 1, 1, 1, 1, 1],
[2, 2, 2, 2, 1, 2, 1, 1, 2, 2, 2, 2, 2, 2, 2, 2, 2, 2, 2, 2, 2, 2, 2, 2, 2, 2, 2, 2, 2, 2]]]
